Search: 5C 43 00 00 90 42 00 00 B4 42 96 00 00 00 00 00 00 00 00 00 00 3F 00 00 80 3E 00 00 00 00 04 00 00 00 00 00 80 3F 00 00 20 41 00 00 34 42 01 00 00 00 01 00 00 00 00 00 00 00 00 00 00 00 00 00 80 3F 8F C2 35 3F 9A 99 99 3F 00 00 80 3F 00 00 00 00 00 00 80 3F 00 00 80 3F 00 00 80 3F 00 00 00 00 00 00 00 00 00 00 00 3F 00 00 00 00 00 00 00 00 00 00 00 00 00 00 80 3F 00 00 80 3F 00 00 80 3F // AWM-Y SWITCH SEARCH PATTERN
Replace: 5C 43 00 00 90 42 00 00 B4 42 96 00 00 00 00 00 00 00 00 00 00 3F 00 00 80 3E 00 00 00 01 04 00 00 00 00 00 80 3F 00 00 20 41 00 00 34 42 01 00 00 00 01 00 00 00 00 00 00 00 00 00 00 00 00 00 80 3F 8F C2 35 3F 9A 99 99 3F 00 00 80 3F 00 00 00 00 00 00 80 3F 00 00 80 3F 00 00 80 3F 00 00 00 00 00 00 00 00 00 00 00 3F 00 00 00 00 00 00 00 00 00 00 00 00 00 00 80 3F 00 00 80 3F 00 00 80 3F // AWM-Y SWITCH REPLACE PATTERN

Search: 3F 0A D7 A3 3D 00 00 00 00 00 00 5C 43 00 00 90 42 00 00 B4 42 96 00 00 00 00 00 00 00 00 00 00 3F 00 00 80 3E 00 00 00 00 04 00 00 00 00 00 80 3F 00 00 20 41 00 00 34 42 01 00 00 00 01 00 00 00 00 00 00 00 00 00 00 00 00 00 80 3F 0A D7 23 3F 9A 99 99 3F 00 00 80 3F 00 00 00 00 00 00 80 3F 00 00 80 3F 00 00 80 3F 00 00 00 00 00 00 00 00 00 00 00 3F 00 00 00 00 00 00 00 00 00 00 00 00 00 00 80 3F 00 00 80 3F 00 00 80 3F 00 00 00 00 01 00 00 00 0A D7 23 3C CD CC CC 3D 9A 99 19 3F 1F 85 6B 3F // AWM SWITCH SEARCH PATTERN
Replace: 3F 0A D7 A3 3D 00 00 00 00 00 00 5C 43 00 00 90 42 00 00 B4 42 96 00 00 00 00 00 00 00 00 00 00 3F 00 00 80 3E 00 00 00 01 04 00 00 00 00 00 80 3F 00 00 20 41 00 00 34 42 01 00 00 00 01 00 00 00 00 00 00 00 00 00 00 00 00 00 80 3F 0A D7 23 3F 9A 99 99 3F 00 00 80 3F 00 00 00 00 00 00 80 3F 00 00 80 3F 00 00 80 3F 00 00 00 00 00 00 00 00 00 00 00 3F 00 00 00 00 00 00 00 00 00 00 00 00 00 00 80 3F 00 00 80 3F 00 00 80 3F 00 00 00 00 01 00 00 00 0A D7 23 3C CD CC CC 3D 9A 99 19 3F 1F 85 6B 3F // AWM SWITCH REPLACE PATTERN

Search: 00 9A 99 19 3F 00 00 80 3E 00 00 00 00 04 00 00 00 00 00 80 3F 00 00 20 41 00 00 34 42 01 00 00 00 01 00 00 00 00 00 00 00 00 00 00 00 00 00 80 3F 9A 99 19 3F CD CC 8C 3F 00 00 80 3F 00 00 00 00 66 66 66 3F 00 00 80 3F 00 00 80 3F 00 00 00 00 00 00 00 00 00 00 00 00 00 00 00 00 00 00 00 00 00 00 00 00 00 00 80 3F 00 00 80 3F 00 00 80 3F 00 00 00 00 01 // M82B SWITCH SEARCH PATTERN
Replace: 00 9A 99 19 3F 00 00 80 3E 00 00 00 01 04 00 00 00 00 00 80 3F 00 00 20 41 00 00 34 42 01 00 00 00 01 00 00 00 00 00 00 00 00 00 00 00 00 00 80 3F 9A 99 19 3F CD CC 8C 3F 00 00 80 3F 00 00 00 00 66 66 66 3F 00 00 80 3F 00 00 80 3F 00 00 00 00 00 00 00 00 00 00 00 00 00 00 00 00 00 00 00 00 00 00 00 00 00 00 80 3F 00 00 80 3F 00 00 80 3F 00 00 00 00 01// M82B SWITCH REPLACE PATTERN

Search: 3F 00 00 80 3E 00 00 00 00 06 00 00 00 CD CC 4C 3F 00 00 20 41 00 00 34 42 01 00 00 00 01 00 00 00 00 00 00 00 00 00 00 00 00 00 80 3F 66 66 66 3F 9A 99 99 3F 00 00 80 3F 00 00 00 00 33 33 93 3F 00 00 80 3F 00 00 80 3F 00 00 00 00 00 00 00 00 00 00 80 3F 00 00 00 00 00 00 80 3E 00 00 00 00 00 00 80 3F 00 00 80 3F 00 00 80 3F 00 00 00 00 // M24 SWITCH SEARCH PATTERN
Replace: 3F 00 00 80 3E 00 00 00 01 06 00 00 00 CD CC 4C 3F 00 00 20 41 00 00 34 42 01 00 00 00 01 00 00 00 00 00 00 00 00 00 00 00 00 00 80 3F 66 66 66 3F 9A 99 99 3F 00 00 80 3F 00 00 00 00 33 33 93 3F 00 00 80 3F 00 00 80 3F 00 00 00 00 00 00 00 00 00 00 80 3F 00 00 00 00 00 00 80 3E 00 00 00 00 00 00 80 3F 00 00 80 3F 00 00 80 3F 00 00 00 00  // M24 SWITCH REPLACE PATTERN
